14018.5
14132.9
14199.5
14146.25
14137.35
14347.25
14484.75
14563.45
14564.85
14595.6
14433.7
14281.3
14521.15
14644.7
14590.35
14371.9
14238.9
13967.5
13817.55
13634.6
14281.2
14647.85
14789.95
14895.65
14924.25
15115.8
15109.3
15106.5
15173.3
15163.3
15314.7
15313.45
15208.9
15118.95
14981.75
14675.7
14707.8
14982
15097.35
14529.15
14761.55
14919.1
15245.6
15080.75
14938.1
14956.2
15098.4
15174.8
15030.95
14929.5
14910.45
14721.3
14557.85
14744
14736.4
14814.75
14549.4
14324.9
14507.3
14845.1
14690.7
14867.35
14637.8
14683.5
14819.05
14873.8
14834.85
14310.8
14504.8
14581.45
14617.85
14359.45
14296.4
14406.15
14341.35
14485
14653.05
14864.55
14894.9
14631.1
14634.15
14496.5
14617.85
14724.8
14823.15
14942.35
14850.75
14696.5
14677.8
14923.15
15108.1
15030.15
14906.05
15175.3
15197.7
15208.45
15301.45
15337.85
15435.65
15582.8
15574.85
15576.2
15690.35
15670.25
15751.65
15740.1
15635.35
15737.75
15799.35
15811.85
15869.25
15767.55
15691.4
15683.35
15746.5
15772.75
15686.95
15790.45
15860.35
15814.7
15748.45
15721.5
15680
15722.2
15834.35
15818.25
15879.65
15727.9
15689.8
15692.6
15812.35
15853.95
15924.2
15923.4
15752.4
15632.1
15824.05
15856.05
15824.45
15746.45
15709.4
15778.45
15763.05
15885.15
16130.75
16258.8
16294.6
16238.2
16258.25
16280.1
16282.25
16364.4
16529.1
16563.05
16614.6
16568.85
16450.5
16496.45
16624.6
16634.65
16636.9
16705.2
16931.05
17132.2
17076.25
17234.15
17323.6
17377.8
17362.1
17353.5
17369.25
17355.3
17380
17519.45
17629.5
17585.15
17396.9
17562
17546.65
17822.95
17853.2
17855.1
17748.6
17711.3
17618.15
17532.05
17691.25
17822.3
17646
17790.35
17895.2
17945.95
17991.95
18161.75
18338.55
18477.05
18418.75
18266.6
18178.1
18114.9
18125.4
18268.4
18210.95
17857.25
17671.65
17929.65
17888.95
17829.2
17916.8
18068.55
18044.25
18017.2
17873.6
18102.75
18109.45
17999.2
17898.65
17764.8
17416.55
17503.35
17415.05
17536.25
17026.45
17053.95
16983.2
17166.9
17401.65
17196.7
16912.25
17176.7
17469.75
17516.85
17511.3
17368.25
17324.9
17221.4
17248.4
16985.2
16614.2
16770.85
16955.45
17072.6
17003.75
17086.25
17233.25
17213.6
17203.95
17354.05
17625.7
17805.25
17925.25
17745.9
17812.7
18003.3
18055.75
18212.35
18257.8
18255.75
18308.1
18113.05
17938.4
17757
17617.15
17149.1
17277.95
17110.15
17101.95
17339.85
17576.85
17780
17560.2
17516.3
17213.6
17266.75
17463.8
17605.85
17374.75
16842.8
17352.45
17322.2
17304.6
17276.3
17206.65
17092.2
17063.25
16247.95
16658.4
16793.9
16605.95
16498.05
16245.35
15863.15
16013.45
16345.35
16594.9
16630.45
16871.3
16663
16975.35
17287.05
17117.6
17315.5
17245.65
17222.75
17153
17222
17325.3
17498.25
17464.75
17670.45
18053.4
17957.4
17807.65
17639.55
17784.35
17674.95
17530.3
17475.65
17173.65
16958.65
17136.55
17392.6
17171.95
16953.95
17200.8
17038.4
17245.05
17102.55
17069.1
16677.6
16682.65
16411.25
16301.85
16240.05
16167.1
15808
15782.15
15842.3
16259.3
16240.3
15809.4
16266.15
16214.7
16125.15
16025.8
16170.15
16352.45
16661.4
16584.55
16522.75
16628
16584.3
16569.55
16416.35
16356.25
16478.1
16201.8
15774.4
15732.1
15692.15
15360.6
15293.5
15350.15
15638.8
15413.3
15556.65
15699.25
15832.05
15850.2
15799.1
15780.25
15752.05
15835.35
15810.85
15989.8
16132.9
16220.6
16216
16058.3
15966.65
15938.65
16049.2
16278.5
16340.55
16520.85
16605.25
16719.45
16631
16483.85
16641.8
16929.6
17158.25
17340.05
17345.45
17388.15
17382
17397.5
17525.1
17534.75
17659
17698.15
17825.25
17944.25
17956.5
17758.45
17490.7
17577.5
17604.95
17522.45
17558.9
17312.9
17759.3
17542.8
17539.45
17665.8
17655.6
17624.4
17798.75
17833.35
17936.35
18070.05
18003.75
17877.4
17530.85
17622.25
17816.25
17718.35
17629.8
17327.35
17016.3
17007.4
16858.6
16818.1
17094.35
16887.35
17274.3
17331.8
17314.65
17241
16983.55
17123.6
17014.35
17185.7
17311.8
17486.95
17512.25
17563.95
17576.3
17730.75
17656.35
17736.95
17786.8
18012.2
18145.4
18082.85
18052.7
18117.15
18202.8
18157
18028.2
18349.7
18329.15
18403.4
18409.65
18343.9
18307.65
18159.95
18244.2
18267.25
18484.1
18512.75
18562.75
18618.05
18758.35
18812.5
18696.1
18701.05
18642.75
18560.5
18609.35
18496.6
18497.15
18608
18660.3
18414.9
18269
18420.45
18385.3
18199.1
18127.35
17806.8
18014.6
18132.3
18122.5
18191
18105.3
18197.45
18232.55
18042.95
17992.15
17859.45
18101.2
17914.15
17895.7
17858.2
17956.6
17894.85
18053.3
18165.35
18107.85
18027.65
18118.55
18118.3
17891.95
17604.35
17648.95
17662.15
17616.3
17610.4
17854.05
17764.6
17721.5
17871.7
17893.45
17856.5
17770.9
17929.85
18015.85
18035.85
17944.2
17844.6
17826.7
17554.3
17511.25
17465.8
17392.7
17303.95
17450.9
17321.9
17594.35
17711.45
17754.4
17589.6
17412.9
17154.3
17043.3
16972.15
16985.6
17100.05
16988.4
17107.5
17151.9
17076.9
16945.05
16985.7
16951.7
17080.7
17359.75
17398.05
17557.05
17599.15
17624.05
17722.3
17812.4
17828
17706.85
17660.15
17618.75
17624.45
17624.05
17743.4
17769.25
17813.6
17915.05
18065
18147.65
18089.85
18255.8
18069
18264.4
18265.95
18315.1
18297
18314.8
18398.85
18286.5
18181.75
18129.95
18203.4
18314.4
18348
18285.4
18321.15
18499.35
18598.65
18633.85
18534.4
18487.75
18534.1
18593.85
18599
18726.4
18634.55
18563.4
18601.5
18716.15
18755.9
18688.1
18826
18755.45
18816.7
18856.85
18771.25
18665.5
18691.2
18817.4
18972.1
19189.05
19322.55
19389
19398.5
19497.3
19331.8
19355.9
19439.4
19384.3
19413.75
19564.5
19711.45
19749.25
19833.15
19979.15
19745
19672.35
19680.6
19778.3
19659.9
19646.05
19753.8
19733.55
19526.55
19381.65
19517
19597.3
19570.85
19632.55
19543.1
19428.3
19434.55
19465
19365.25
19310.15
19393.6
19396.45
19444
19386.7
19265.8
19306.05
19342.65
19347.45
19253.8
19435.3
19528.8
19574.9
19611.05
19727.05
19819.95
19996.35
19993.2
20070
20103.1
20192.35
20133.3
19901.4
19742.35
19674.25
19674.55
19664.7
19716.45
19523.55
19638.3
19528.75
19436.1
19545.75
19653.5
19512.35
19689.85
19811.35
19794
19751.05
19731.75
19811.5
19671.1
19624.7
19542.65
19281.75
19122.15
18857.25
19047.25
19140.9
19079.6
18989.15
19133.25
19230.6
19411.75
19406.7
19443.5
19395.3
19425.35
19525.55
19443.55
19675.45
19765.2
19731.8
19694
19783.4
19811.85
19802
19794.7
19889.7
20096.6
20133.15
20267.9
20686.8
20855.1
20937.7
20901.15
20969.4
20997.1
20906.4
20926.35
21182.7
21456.65
21418.65
21453.1
21150.15
21255.05
21349.4
21441.35
21654.75
21778.7
21731.4
21741.9
21741.9
21665.8
21517.35
21658.6
21710.8
21513
21544.85
21618.7
21647.2
21894.55
22097.45
22032.3
21571.95
21462.25
21622.4
21571.8
21238.8
21453.95
21352.6
21737.6
21522.1
21725.7
21697.45
21853.8
21771.7
21929.4
21930.5
21717.95
21782.5
21616.05
21743.25
21840.05
21910.75
22040.7
22122.25
22196.95
22055.05
22217.45
22212.7
22122.05
22198.35
21951.15
21982.8
22338.75
22378.4
22405.6
22356.3
22474.05
22493.55
22332.65
22335.7
21997.7
22146.65
22023.35
22055.7
21817.45
21839.1
22011.95
22096.75
22004.7
22123.65
22326.9
22462
22453.3
22434.65
22514.65
22513.7
22666.3
22642.75
22753.8
22519.4
22272.5
22147.9
21995.85
22147
22336.4
22368
22402.4
22570.35
22419.95
22643.4
22604.85
22648.2
22475.85
22442.7
22302.5
22302.5
21957.5
22055.2
22104.05
22217.85
22200.55
22403.85
22466.1
22502
22529.05
22597.8
22967.65
22957.1
22932.45
22888.15
22704.7
22488.65
22530.7
23263.9
21884.5
22620.35
22821.4
23290.15
23259.2
23264.85
23322.95
23398.9
23465.6
23557.9
23516
23567
9881.15
10091.65
10244.4
10311.2
10471
10305.3
10288.9
10383
10312.4
10302.1
10430.05
10551.7
10607.35
10763.65
10799.65
10705.75
10813.45
10768.05
10802.7
10607.35
10618.2
10739.95
10901.7
11022.2
11162.25
11132.6
11215.45
11194.15
11131.8
11300.55
11202.85
11102.15
11073.45
10891.6
11095.25
11101.65
11200.15
11214.05
11270.15
11322.5
11308.4
11300.45
11178.4
11247.1
11385.35
11408.4
11312.2
11371.6
11466.45
11472.25
11549.6
11559.25
11647.6
11387.5
11470.25
11535
11527.45
11333.85
11355.05
11317.35
11278
11449.25
11464.45
11440.05
11521.8
11604.55
11516.1
11504.95
11250.55
11153.65
11131.85
10805.55
11050.25
11227.55
11222.4
11247.55
11416.95
11503.35
11662.4
11738.85
11834.6
11914.2
11930.95
11934.5
11971.05
11680.35
11762.45
11873.05
11896.8
11937.65
11896.45
11930.35
11767.75
11889.4
11729.6
11670.8
11642.4
11669.15
11813.5
11908.5
12120.3
12263.55
12461.05
12631.1
12749.15
12690.8
12719.95
12780.25
12874.2
12938.25
12771.7
12859.05
12926.45
13055.15
12858.4
12987
12968.95
13109.05
13113.75
13133.9
13258.55
13355.75
13392.95
13529.1
13478.3
13513.85
13558.15
13567.85
13682.7
13740.7
13760.55
13328.4
13466.3
13601.1
13749.25
13873.2
13932.6
13981.95
13981.75
14018.5